401.434998 123.607002
562.284973 76.529999
374.566986 199.009003
252.671005 274.213013
384.072998 265.339996
184.302994 58.620998
285.144012 204.613998
475.800995 218.061996
323.113007 50.056000
127.424004 178.470993
177.559998 48.241001
195.287994 139.080002
158.070007 206.181000
503.614990 202.149994
286.246002 120.655998
508.835999 96.532997
52.344002 179.776993
216.492996 243.384003
137.906006 204.070999
503.540009 128.119003
467.618011 63.502998
411.382996 44.664001
353.408997 232.867004
60.912998 167.932007
105.109001 72.278999
190.039993 256.613007
333.187012 60.771000
555.664001 141.070007
225.404999 96.488998
135.639008 69.829002
208.203003 175.356995
347.601990 159.960999
204.007004 208.001007
192.311005 78.504997
548.219971 46.028000
157.778000 110.607002
153.679001 148.046005
484.321014 75.917000
471.389008 290.062988
247.397003 91.438004
142.904999 189.852005
440.321014 71.176003
542.658997 228.742004
382.768005 183.459000
67.417000 256.298004
560.197021 84.291000
220.408005 163.304001
547.008972 108.945000
193.850006 91.588997
61.105000 210.044998
403.717010 110.031998
132.516006 80.679001
550.231018 155.651001
94.279999 53.841999
126.945999 187.447006
336.028015 269.075012
130.022995 235.889999
479.972992 212.516998
91.021004 58.551998
156.904999 54.331001
329.756989 112.418999
269.445007 165.867004
507.839996 174.069000
264.260010 268.936005
476.015015 50.673000
281.606995 269.501007
384.860992 173.283005
264.997009 251.085999
70.975998 106.239998
152.582993 233.044006
495.406006 193.425003
547.950989 148.531998
522.846985 113.435997
274.007996 187.033997
219.578995 77.820999
259.119995 148.516998
351.825989 115.703003
126.972000 275.925995
460.101990 244.261993
237.692993 271.497009
413.940002 246.447006
191.794006 46.676998
499.815002 69.160004
504.934998 177.039993
216.414993 267.229004
164.296005 185.686005
157.770004 66.336998
475.470001 54.904999
530.062012 198.289001
449.500000 249.615997
404.695007 80.271004
477.651001 155.697006
368.351013 275.148987
143.535004 198.722000
560.057983 116.694000
325.942993 279.110992
66.928001 119.169998
558.848999 104.745003
481.200012 178.899002
273.027008 162.528000
280.204987 168.343002
397.721985 196.042999
90.598000 90.808998
134.229004 166.647003
110.097000 60.891998
198.522995 104.621002
92.030998 88.047997
222.710999 146.322998
506.897003 114.053001
517.392029 111.627998
388.928009 42.005001
291.393005 162.897003
141.660995 135.884003
164.600998 267.026001
291.717010 191.910004
347.884003 220.921997
337.950012 262.194000
395.595001 55.949001
92.503998 119.848000
549.416016 81.264000
77.481003 169.507996
134.569000 270.884003
507.023010 293.270996
552.369995 191.500000
348.751007 83.188004
163.854996 75.899002
81.772003 150.205994
503.427002 59.456001
422.161987 263.371002
346.816010 62.340000
356.824005 251.865997
224.330994 186.078995
207.335999 152.800003
548.497986 185.701004
557.674011 25.521999
70.633003 129.742004
325.053986 262.022003
102.719002 76.752998
504.511993 41.182999
375.914001 220.867004
197.526993 246.580002
263.927002 195.938004
495.760010 49.258999
365.477997 201.917999
596.783997 132.237000
313.151001 73.536003
222.322006 183.748993
158.682007 265.479004
228.492996 126.444000
305.104004 70.233002
408.635010 276.557007
316.138000 300.233002
157.386002 213.057999
434.614014 279.737000
410.621002 270.092987
188.345001 51.484001
162.850998 65.268997
409.195007 262.960999
262.296997 128.723007
187.852997 243.001007
514.122986 117.190002
259.362000 273.105011
422.355011 150.347000
216.559998 111.624001
589.963989 57.394001
362.354004 99.700996
401.096008 165.561996
146.875000 241.867996
287.945007 106.042000
362.270996 215.272995
345.272003 134.223007
214.145004 111.785004
79.452003 195.929993
553.239014 218.916000
152.065002 196.496994
608.377014 159.688995
469.904999 245.339996
107.092003 65.051003
573.133972 194.645996
391.243988 132.559006
340.967987 42.013000
147.848007 209.335007
572.005981 114.734001
266.304993 123.551003
64.569000 192.889999
373.520996 198.115997
350.384003 154.100006
169.578003 84.336998
274.524994 255.292999
258.398987 249.593994
188.880005 255.578003
535.208008 236.858002
66.286003 186.770996
324.764008 144.207993
395.743988 155.240997
340.303986 278.769989
66.275002 263.697998
475.467010 77.466003
557.976013 249.645996
274.272003 217.587997
178.145004 258.153015
74.324997 106.800003
133.117996 137.434006
339.829010 103.879997
300.276001 71.496002
527.062988 120.841003
141.800003 209.253006
46.897999 131.274002
337.773987 70.065002
180.487000 47.449001
160.755005 120.886002
559.038025 59.626999
200.195007 176.406998
355.717010 138.024994
296.028015 41.734001
197.647995 182.223007
213.772003 59.259998
329.299011 250.522995
524.997009 64.817001
277.252014 128.257004
33.255001 275.647003
564.213989 226.169006
378.036987 192.848007
276.653992 103.971001
539.367981 275.992004
513.258972 129.983994
91.730003 142.959000
354.334015 93.924004
180.643005 108.059998
405.746002 172.839996
415.921997 244.352997
324.984985 272.438995
414.039001 59.902000
163.389008 73.021004
237.960999 244.501007
420.125000 190.998993
528.138000 190.919006
228.574005 161.917999
65.639999 216.309006
486.496002 65.890999
21.705999 102.431999
378.105988 52.363998
278.161987 63.356998
201.013000 260.645996
137.412003 173.755005
78.542000 177.619003
134.966995 251.927994
422.298004 146.498993
66.976997 172.037994
425.572998 210.207993
505.282990 202.667999
457.545990 262.557007
573.929016 87.426003
145.690994 57.507000
145.263000 48.782001
294.760010 139.873001
141.966003 259.947998
350.212006 109.710999
400.584991 182.011993
231.860001 255.119003
292.799988 252.580994
578.176025 48.855999
256.243988 238.912003
469.276001 252.022003
201.753998 248.345001
130.339996 261.729004
399.437012 276.403015
261.571014 188.848007
372.058990 245.317993
160.468002 55.479000
499.946014 195.223007
406.447998 194.367996
335.264008 112.920998
492.483002 74.209999
59.824001 68.827003
201.054993 91.109001
70.320999 206.675995
37.598999 61.463001
402.925995 147.393005
160.526993 123.977997
262.792999 121.940002
519.784973 158.906998
190.591995 207.878006
468.151001 173.251007
350.997986 147.947998
155.315994 193.322006
521.213989 96.570999
504.143005 80.177002
358.807007 154.408005
549.120972 117.280998
466.911011 63.880001
512.354004 301.332001
152.145996 210.718994
190.419998 73.082001
519.702026 106.061996
380.200012 273.816986
302.373993 59.970001
512.629028 103.989998
421.102997 145.229004
503.161011 106.442001
540.666016 47.759998
330.915985 160.072998
329.875000 159.903000
260.576996 267.608002
315.815002 162.287003
191.531998 101.036003
248.313995 242.688004
516.429016 123.699997
141.651001 169.345993
374.765015 277.442993
575.515991 219.897995
513.268005 77.978996
326.342987 68.547997
407.967987 201.289001
150.115005 129.679001
352.760010 113.427002
281.583008 55.186001
64.334999 86.272003
364.421997 50.402000
499.101013 135.167007
595.638000 136.011002
231.328995 271.434998
253.871994 118.335999
357.048004 50.898998
558.179016 117.545998
390.156006 243.653000
331.848999 147.604996
399.583008 102.722000
438.039001 63.855999
89.331001 69.805000
561.390991 166.669006
346.230011 70.903000
521.989014 154.714996
528.340027 210.848007
291.457001 230.492996
523.895996 293.428986
545.249023 85.463997
330.821014 116.208000
262.847992 264.533997
155.091003 65.082001
530.291992 181.076996
542.525024 151.414001
555.276978 192.516006
368.399994 64.977997
164.315002 154.537003
483.229004 73.671997
282.307007 64.095001
531.265015 214.408005
67.430000 132.587006
259.739014 128.498993
92.994003 157.410995
155.341003 123.334000
305.615997 42.881001
418.807007 50.632999
403.916992 55.487000
238.104004 229.115005
344.348999 93.733002
62.150002 97.377998
559.492981 202.929001
296.322998 71.496002
130.018005 133.410995
83.481003 158.227005
362.390991 51.169998
130.731995 183.345993
470.153015 96.536003
396.033997 169.707993
397.252991 184.371994
396.532013 148.740005
330.184998 88.671997
268.540009 201.470001
417.747009 122.009003
333.574005 241.774002
342.281006 148.796005
489.018005 311.423004
229.587006 130.619995
321.610992 78.610001
179.617004 51.691002
572.260010 80.542999
225.854004 252.401001
189.966003 129.770996
43.931999 118.513000
388.851990 48.209000
329.075989 118.629997
235.787003 72.668999
176.574997 52.306999
346.619995 69.801003
35.937000 55.943001
114.010002 69.053001
252.220993 274.410004
113.880997 273.296997
281.000000 139.227997
152.054001 144.654007
402.162994 81.866997
410.256012 154.559006
567.293030 242.352997
416.656006 75.629997
584.346008 163.871994
387.165009 146.483002
562.989990 223.001007
377.725006 242.615005
92.383003 176.923996
416.016998 81.825996
147.145004 74.293999
567.010986 228.186996
467.709991 267.119995
315.816010 301.891998
284.816010 262.553986
356.069000 140.444000
348.386993 247.395004
318.859985 77.413002
485.635986 177.757996
342.105988 258.571991
587.145020 164.901001
292.105988 116.320999
203.360992 200.330002
77.587997 135.529999
370.583008 171.102997
563.827026 146.686005
329.563995 287.127991
400.527008 249.723999
625.637024 296.804993
517.510010 140.656998
414.713013 147.557007
507.967987 179.097000
496.433014 59.487999
227.464005 74.641998
415.101990 70.182999
353.907013 111.065002
68.741997 76.721001
243.587006 273.348999
303.029999 53.492001
131.445007 159.259003
74.735001 205.615005
139.177994 142.567993
261.157990 193.757004
162.787994 276.151001
271.480011 195.580002
422.127991 76.552002
356.520996 223.395996
352.104004 210.276001
132.932999 273.911987
579.833984 242.630005
287.173004 267.131012
85.261002 299.829987
532.999023 84.363998
332.997009 57.608002
502.023987 106.730003
512.526978 145.328003
171.373001 73.057999
356.444000 73.246002
354.312988 103.833000
228.524994 121.087997
65.730003 94.378998
424.505005 181.796997
397.824005 176.832001
342.360992 61.355999
227.149002 67.248001
534.151978 149.563995
405.985992 102.513000
292.015015 218.455002
169.115005 64.700996
382.118011 128.893005
504.029999 177.050003
196.703995 87.940002
548.896973 174.378006
92.813004 170.003998
160.334000 190.656998
199.250000 211.070999
131.076996 202.720993
337.067993 150.177994
512.369995 65.185997
570.754028 77.827003
440.154999 265.894012
421.191010 142.496002
297.985992 49.268002
195.572998 111.744003
390.200012 204.130997
93.549004 62.245998
187.910995 75.338997
262.917999 235.671005
528.573975 195.643997
482.733002 81.915001
293.837006 214.410004
568.374023 108.069000
244.932999 260.880005
552.877014 159.645996
69.180000 60.519001
210.018005 188.367004
195.281998 208.705994
189.108994 213.050003
280.697998 257.006012
512.843994 64.741997
271.234985 166.658997
64.691002 76.897003
537.130981 166.182007
559.182007 213.404007
190.143005 206.348007
528.237976 153.634995
210.335007 266.391998
406.272003 196.085999
432.497009 132.975998
138.455994 268.182007
568.377991 233.149994
61.073002 147.703003
511.958008 134.334000
51.912998 160.628006
356.920990 128.712997
248.679993 247.445007
368.053986 192.164993
357.333008 150.037994
385.157990 261.539001
131.619995 59.089001
282.406006 178.345001
532.588989 186.914001
292.010010 159.996994
537.677002 92.327003
232.563995 260.798004
194.028000 239.582993
305.721008 66.884003
163.692993 111.845001
276.678009 252.404007
294.125000 224.750000
402.803009 65.416000
303.115997 282.076996
257.549988 270.234009
562.250000 70.271004
391.721008 59.858002
275.928009 258.993011
410.476990 219.197006
541.601013 115.146004
197.067993 147.380005
419.197998 146.828003
552.882996 68.396004
171.897003 275.683014
205.613007 124.736000
273.838013 128.417999
349.613007 130.425995
490.243011 52.750999
427.045013 44.507000
354.476990 108.727997
540.143982 276.920013
516.148010 52.172001
530.754028 84.464996
546.401978 145.057007
504.743011 202.082001
440.468994 273.760010
443.471008 72.162003
67.353996 209.574005
388.807007 113.557999
77.232002 290.395996
363.014008 61.258999
549.221008 246.082001
394.920990 259.660004
476.139008 253.065002
84.110001 148.113007
447.153015 52.188999
301.317993 53.195999
68.102997 84.292000
570.526978 215.723999
265.234009 199.537994
388.457001 137.869995
157.195999 208.945007
276.095001 75.200996
193.675995 205.539993
206.878006 66.376999
44.326000 118.239998
272.562012 68.352997
577.195007 246.315002
117.926003 56.893002
553.666992 90.945000
550.854004 103.124001
551.098022 140.253998
97.103996 61.820000
281.227997 300.179993
63.209000 108.863998
473.048004 62.032001
521.510986 161.160995
131.240997 122.600998
415.217010 45.738998
573.349976 273.153015
156.218002 268.635986
373.911011 69.651001
177.694000 182.373993
546.745972 218.160995
157.401001 217.149002
279.032990 239.472000
417.256989 266.311005
210.472000 98.044998
132.789001 176.376999
537.825012 192.669998
431.119995 259.208008
210.860001 254.686996
179.102005 239.410995
64.883003 122.432999
437.045990 244.348007
523.283020 110.911003
523.195007 47.351002
425.878998 246.067993
142.432999 122.995003
373.411987 214.067993
560.086975 169.315994
571.396973 196.654999
144.160004 172.134995
491.233002 171.753998
464.716003 252.570007
130.085999 180.100998
164.406998 268.662994
504.712006 181.492996
395.231995 166.227005
218.197006 61.849998
246.779999 163.167007
289.987000 63.035000
198.225006 263.127014
262.217010 214.139008
80.762001 214.973999
509.283997 65.824997
563.781982 175.494995
487.899994 262.690002
163.384995 54.451000
149.492996 64.889000
98.851997 69.307999
143.942993 236.317001
494.842987 199.880997
360.903015 211.160995
196.171005 160.589005
494.682007 282.654999
218.675003 57.882000
220.951996 134.789993
257.231995 256.359985
572.903015 85.124001
206.182999 186.011002
145.399002 50.152000
365.480011 56.105999
500.417999 54.574001
353.815002 105.244003
217.626999 121.981003
218.001999 256.415985
414.779999 71.745003
556.151978 81.008003
498.563995 295.881989
291.026001 158.220993
494.470001 153.533005
208.878998 145.406998
465.250000 183.692001
383.132996 121.470001
160.824997 156.326004
271.808990 48.782001
360.468994 77.924004
349.959991 277.492004
84.510002 133.901993
123.556000 251.970993
175.397995 60.285999
548.818970 106.128998
282.542999 66.914001
262.993988 131.227005
205.095001 177.690994
592.609985 99.494003
120.926003 67.692001
135.641006 137.337006
193.003006 87.289001
224.186996 155.067001
149.393005 126.721001
132.341995 179.531998
511.612000 156.057007
546.025024 169.656006
144.287003 231.912994
298.963013 51.935001
420.296997 195.240997
211.858002 253.759995
392.391998 135.970993
420.963989 184.376007
510.027008 156.929993
540.299011 49.028000
337.916992 157.380997
486.973999 178.505997
460.230011 257.872986
538.039001 178.942001
447.769012 253.701996
133.216995 272.901001
578.520020 226.169998
474.904999 50.490002
125.567001 155.121994
121.460999 242.197006
227.438004 261.183014
392.127014 171.345993
221.735992 160.955994
218.171997 164.054993
394.842010 172.417007
92.660004 319.666992
397.165009 61.139999
416.898010 137.382004
366.299011 55.605999
85.749001 87.391998
208.537994 257.878998
108.596001 188.457993
197.654999 143.968002
248.145004 240.503006
535.788025 142.865005
120.263000 51.131001
201.893005 120.068001
285.441010 210.697006
461.889008 130.966003
162.483994 136.492996
222.057007 176.287003
215.363998 159.712006
384.222992 57.624001
201.113007 106.473000
89.092003 116.801003
526.788025 114.788002
525.403992 163.442993
226.574005 195.639008
574.773010 222.169006
414.546997 256.951996
536.565979 166.423004
520.302002 122.764000
594.762024 144.848999
378.720001 143.141998
331.002991 266.444000
467.618011 39.750000
583.721985 172.136993
564.374023 86.625000
522.780029 223.832993
473.398010 191.910995
568.607971 209.856995
209.884003 177.468994
138.572998 243.658005
598.031006 280.296997
341.567993 272.572998
529.460999 161.386993
228.304993 90.077003
170.121994 270.158997
524.598999 135.455002
224.589996 169.684006
535.390015 104.135002
359.623993 188.102005
169.281998 238.895004
397.545013 131.625000
372.734009 277.261993
221.718994 155.854996
193.447006 210.804001
355.570007 83.401001
347.834991 262.562988
162.779007 204.925003
135.216003 59.625999
568.676025 70.375000
132.977005 74.636002
314.928986 48.105999
386.688995 169.123993
354.769989 215.878998
215.154007 172.578003
414.855011 185.306000
383.734009 246.011993
543.549011 207.914001
428.342010 57.021000
421.675995 187.246002
170.173004 81.502998
470.654999 254.546005
186.033997 276.239014
355.054993 275.144989
467.247009 161.440002
409.010010 61.855000
71.087997 50.801998
542.518982 169.865997
549.177002 196.664001
436.540009 257.924988
140.677994 206.169998
33.784000 61.583000
63.313999 201.061005
331.050995 50.789001
85.123001 134.046005
76.567001 74.444000
480.023987 49.464001
558.403992 102.258003
198.703995 267.470001
508.644989 198.158005
200.078003 178.981995
502.914001 185.121002
190.737000 155.395996
156.156998 205.701996
162.949005 59.647999
554.940979 66.593002
190.082993 120.785004
552.624023 204.623993
308.433014 51.938000
504.398987 265.544006
572.122009 196.720993
491.015991 157.395004
190.212006 256.063995
133.927002 270.428986
189.410995 133.600998
448.031006 256.852997
93.555000 161.033997
574.107971 193.509003
528.656982 180.164993
497.580994 73.943001
384.964996 276.480011
561.526978 246.675003
361.338989 101.003998
521.116028 115.612000
147.746994 109.280998
556.036987 143.209000
136.328995 253.139008
392.437012 113.408997
357.526001 186.990997
396.987000 144.664993
151.727997 157.626999
70.211998 272.238007
359.744995 208.070999
501.006989 167.837997
307.914001 61.425999
383.906006 274.395996
247.171997 274.514008
353.147003 249.731995
387.545013 52.573002
347.217987 209.832993
568.195984 79.524002
279.674988 124.103996
394.403015 161.167007
352.503998 182.990005
365.096008 72.016998
144.240005 237.296997
389.932007 261.792999
265.605011 133.102997
189.682007 238.873001
147.660004 231.972000
158.554993 230.177994
503.156006 61.681999
61.764000 89.927002
80.620003 110.542000
489.753998 162.682007
589.580994 154.173996
527.851990 220.434006
161.987000 50.021999
220.606003 116.223999
168.751999 137.626007
337.201996 78.051003
234.145004 200.800003
212.740005 166.304001
557.520996 245.358994
561.301025 135.785995
195.895004 113.564003
526.431030 86.818001
232.309006 251.895996
199.684998 255.712006
90.049004 107.856003
264.023010 53.391998
457.588989 118.261002
543.596985 276.093994
152.677002 50.536999
128.904007 235.768997
518.005005 203.612000
411.334991 177.115005
283.734009 119.883003
310.687988 184.565994
219.164993 46.202000
225.188004 141.759003
209.024994 130.104004
505.437988 113.452003
215.313995 97.718002
361.229004 118.203003
105.405998 190.658005
343.549011 46.727001
341.029999 247.813004
74.245003 109.934998
518.846985 67.719002
547.226990 83.968002
533.750000 84.941002
511.385010 132.567993
526.184998 199.936005
518.500000 51.394001
223.714996 250.712006
381.161011 278.596008
357.088013 87.301003
422.807007 45.867001
129.136993 167.574005
150.507004 219.388000
155.477005 210.311005
371.709991 125.480003
388.769012 145.097000
144.095993 60.147999
169.112000 245.740997
495.447998 150.481003
388.755005 185.699005
533.179993 123.195999
270.174011 271.839996
528.935974 205.490997
326.161011 79.695000
406.503998 198.546997
150.382996 165.192993
390.981995 54.762001
141.561005 130.307007
511.890991 99.204002
228.882004 49.412998
472.806000 201.755005
125.889999 255.348007
365.308014 55.282001
552.689026 200.940994
273.967987 217.632004
147.063995 214.050003
506.872009 149.932999
62.131001 131.718994
270.596008 240.451004
225.856003 186.647003
450.183990 258.608002
560.393982 98.286003
409.144989 179.449997
527.577026 96.392998
211.815002 151.475006
83.227997 155.009003
421.881012 190.509003
553.033997 169.098007
190.714005 187.475006
99.115997 46.401001
531.297974 147.712997
468.050995 169.548996
497.066010 148.341995
137.561005 311.035004
536.354980 149.061005
310.329987 70.084000
223.975998 55.692001
471.375000 58.903000
342.787994 116.290001
324.484009 83.167000
518.903992 86.710999
411.178009 207.487000
422.752014 128.513000
353.881012 77.797997
484.487000 159.369995
160.231003 110.974998
502.303009 60.134998
415.144989 206.470993
206.785995 121.950996
346.464996 205.457993
421.278015 170.522995
257.601990 127.535004
342.863007 132.994003
295.596985 50.308998
196.750000 91.082001
353.997009 115.398003
285.558990 67.783997
454.528992 144.565002
277.795013 168.750000
350.753998 55.499001
254.503998 248.923996
421.756989 198.973999
392.584015 57.203999
591.276978 188.218994
132.328003 62.821999
335.364014 278.477997
472.997009 202.054001
354.880005 167.925995
514.911987 112.848000
199.264008 205.529007
278.920990 205.591995
259.895996 155.725998
364.592010 261.013000
178.403000 83.967003
189.759003 274.339996
468.587006 54.729000
271.406006 174.451004
265.653992 166.886002
528.260010 115.266998
254.237000 270.233002
548.486023 220.992004
399.007996 214.369995
25.028999 238.505005
555.591980 56.314999
268.875000 115.892998
185.212997 65.162003
346.694000 187.212997
103.989998 70.757004
351.602997 117.271004
552.427002 130.731003
381.855988 268.347992
357.583008 250.432999
429.709991 54.130001
182.830994 239.186005
363.786011 262.888000
360.964996 95.771004
130.147003 57.070000
527.148987 78.042999
344.701996 113.939003
474.341003 310.587006
522.189026 221.399002
333.779999 116.097000
523.612976 223.348999
553.554993 109.010002
209.789993 133.748001
153.675995 240.563004
564.901978 211.544006
354.959991 146.740005
400.369995 146.070999
203.360001 126.069000
75.429001 143.100006
621.182983 219.835999
138.485992 111.046997
271.567993 240.473999
100.917999 124.297997
391.433014 123.219002
287.752991 195.464005
64.463997 78.911003
329.713013 74.067001
535.114990 50.799999
521.541992 146.820007
477.907013 73.527000
107.014999 79.633003
498.444000 135.291000
147.130005 242.684006
554.723999 176.576004
112.987999 56.862999
200.003006 194.552994
270.812012 243.626999
324.102997 159.440994
139.229996 177.460007
511.243011 84.124001
542.945007 207.964005
61.042000 64.182999
212.419006 152.257996
220.977997 238.175995
277.100006 207.069000
401.927002 251.740997
159.636993 216.182999
547.622986 229.255997
401.490997 130.315002
334.492004 285.015015
84.830002 297.601013
201.977997 113.065002
477.209015 224.001999
545.804016 91.860001
77.801003 92.971001
405.061005 251.548004
399.265015 211.384995
552.380005 70.539001
119.306999 73.815002
344.683014 151.951004
201.794006 205.445007
228.682007 137.766006
274.881989 138.589996
394.920990 78.410004
294.093994 68.890999
417.559998 47.549000
519.398987 74.500000
491.446014 151.380997
203.981995 266.815002
86.857002 189.188004
398.649994 74.077003
528.122986 225.981003
483.747986 72.913002
67.288002 48.084999
284.080994 115.265999
86.582001 74.485001
235.358994 271.217987
331.537994 41.542000
149.018997 141.856003
387.329987 260.717010
295.259003 72.010002
206.255997 97.374001
509.808014 114.605003
413.928009 133.690002
129.037994 107.936996
388.000000 172.520004
358.595001 151.339005
424.895996 179.501007
532.630005 83.992996
330.187012 254.916000
390.510986 144.522003
43.742001 120.726997
190.509995 48.826000
280.612000 213.945007
572.869019 98.389999
366.002014 247.817993
562.895996 107.720001
278.674988 243.167007
432.454010 165.949997
318.174011 54.217999
505.602997 82.204002
66.684998 94.795998
409.876007 183.794998
46.460999 25.823999
169.231003 64.841003
519.906982 161.569000
390.181000 161.384995
415.683014 190.250000
69.803001 172.350006
521.619995 73.024002
415.313995 64.110001
537.348999 194.572998
532.687012 202.809006
484.725006 46.188999
212.212997 87.111000
77.515999 293.408997
108.397003 287.791992
314.372009 48.678001
494.313995 235.990005
519.945984 157.632996
562.879028 226.875000
393.842010 127.283997
150.203003 145.886002
557.247009 182.074005
610.742004 85.605003
145.013000 212.272003
363.756989 60.520000
273.431000 128.223999
476.674011 222.695007
140.485992 204.149002
145.643005 218.158997
560.435974 129.337006
131.192001 194.863998
375.131012 182.570007
507.782013 160.246994
162.177002 151.363007
28.000000 256.052002
527.729004 104.994003
471.013000 184.401993
523.200012 84.658997
143.938004 61.678001
94.175003 70.234001
183.431000 50.980000
209.535004 68.274002
421.524994 159.401993
483.765991 253.863998
65.601997 79.469002
128.738998 189.238007
88.690002 171.908997
398.738007 52.632000
516.693970 103.933998
164.483994 163.709000
149.585999 52.130001
53.698002 212.904007
504.636993 163.292007
351.122009 137.470993
543.452026 272.329987
276.298004 130.962006
190.367004 245.121002
523.994019 103.265999
330.253998 262.610992
562.286987 244.057007
347.536011 195.406998
164.354004 175.063995
563.705994 121.254997
225.494003 134.102997
155.882004 136.300003
219.442993 252.328003
130.136002 123.390999
101.056999 183.417999
357.056000 241.115997
300.523987 76.870003
93.704002 134.990997
406.401001 229.623001
262.902008 270.549988
364.901001 39.987999
225.755997 116.765999
151.977997 134.800995
431.376007 274.049011
124.293999 69.166000
210.598999 150.182999
279.362000 246.048004
82.142998 135.740005
342.898987 258.532013
363.839996 59.070999
320.412994 44.222000
165.453995 62.445000
499.095001 84.241997
131.108994 156.490005
223.412994 245.270996
599.601013 63.042999
403.737000 114.549004
296.359985 43.000000
87.998001 300.791992
328.994995 211.843994
354.817993 242.677002
523.690979 116.519997
346.269989 264.984985
530.822021 209.630005
87.615997 130.009003
133.576996 119.518997
284.088989 54.694000
276.691010 41.542999
95.615997 60.231998
366.786011 78.046997
239.339005 257.261993
39.555000 105.688004
467.669006 162.867996
153.378006 70.183998
148.641998 171.447006
70.083000 157.192001
529.380981 82.443001
355.130005 76.307999
388.352997 219.475998
115.103996 48.160999
575.224976 195.570007
228.462997 99.554001
151.388000 271.460999
211.266006 80.198997
194.251007 202.369003
97.559998 77.537003
409.592987 205.046005
69.291000 61.199001
215.468994 114.044998
87.866997 194.244003
66.767998 178.738007
513.565979 202.936005
82.708000 73.492996
353.540009 208.192993
247.212997 102.829002
486.358002 255.205994
532.323975 211.283997
352.924988 266.079010
368.740997 256.316010
555.710999 101.101997
538.008972 189.408997
372.829010 45.758999
410.158997 83.091003
550.598999 96.244003
164.936005 237.464996
68.612000 153.464005
376.558014 217.263000
359.480988 92.457001
349.690002 103.777000
197.072006 164.285995
155.688995 196.979004
293.895996 54.563999
377.592987 144.733002
403.162994 171.524994
547.895996 149.455994
268.391998 256.173004
326.441986 242.195007
364.785004 119.820999
79.302002 136.951004
221.953995 241.820007
625.374023 26.517000
225.748001 263.276001
132.292999 132.470001
566.724976 76.240997
429.748993 247.031006
478.403015 220.684006
133.380997 110.323997
133.880997 55.546001
377.252014 252.466003
132.007004 206.442993
524.590027 206.048004
289.227997 211.878006
63.606998 151.695999
291.277008 59.366001
464.273010 154.981995
292.829010 206.447998
452.199005 248.925995
269.765015 225.065002
318.990997 79.735001
66.486000 140.781006
495.786987 56.414001
119.658997 83.958000
225.069000 196.507004
24.884001 51.641998
207.108994 197.470001
56.591999 111.014000
586.546021 109.780998
274.523987 229.755997
158.382996 221.328003
543.971985 224.998001
129.119003 180.516006
265.041992 243.149002
532.825989 202.688995
257.765991 257.484009
162.647995 183.593002
190.440002 192.667999
419.441986 89.007004
261.867004 227.875000
433.389008 263.161011
131.013000 190.343002
55.436001 223.873001
272.332001 132.705994
534.357971 157.490997
136.938995 72.128998
292.071014 46.103001
569.411987 126.180000
131.931000 128.843002
451.540009 267.071991
214.197006 121.805000
505.834991 68.642998
330.205994 187.186996
499.634003 57.335999
240.535004 83.716003
109.265999 63.383999
214.169998 42.474998
233.992004 67.237999
368.136993 201.804001
395.209015 264.727997
225.914001 55.264999
207.158005 164.320007
331.816986 108.257004
264.776001 175.830994
281.803009 130.479004
357.614014 215.119995
513.117004 108.052002
564.463013 254.281998
192.393005 249.664001
340.860992 132.804001
507.928009 198.080994
69.974998 132.380997
220.772995 212.358994
170.309006 240.613998
54.092999 156.970993
343.463989 251.311996
262.563995 132.020996
201.595001 168.636993
170.054001 255.022995
275.601990 265.653992
82.941002 183.567001
568.833008 236.889999
461.091003 75.200996
279.059998 212.440994
164.503998 275.792999
140.785004 229.862000
164.813995 62.181999
548.536011 195.035004
109.264999 78.318001
61.077999 87.292000
436.312012 274.589996
73.677002 174.554993
291.855988 139.537003
417.812012 169.675003
228.529007 260.531006
577.140991 242.703003
395.585999 252.606003
254.533997 246.723007
458.971008 265.044006
446.039001 81.958000
333.112000 53.473000
208.884003 82.165001
508.615997 75.028999
517.456970 207.397995
227.447006 255.070999
276.510986 218.054001
390.927002 114.089996
311.941986 68.831001
377.326996 200.061996
391.372009 63.283001
608.476990 28.712000
283.875000 177.817993
269.204010 68.797997
87.447998 62.083000
448.928986 245.656006
434.217010 280.227997
539.054016 73.992996
328.299011 258.066010
202.298004 208.992004
271.226990 193.755997
357.605988 245.923004
208.759995 63.660000
329.157013 143.867996
93.612999 57.412998
145.276993 118.235001
254.470001 114.789001
265.882996 47.838001
294.498993 144.093002
494.040009 164.481003
542.565979 193.188004
60.817001 214.766998
282.330994 156.039001
386.820007 258.703003
567.583984 128.259995
473.718994 253.619003
554.892029 87.049004
29.495001 32.463001
210.139999 129.429993
361.483002 87.550003
140.164001 78.734001
415.128998 210.255997
267.799988 124.889000
504.001007 47.681999
345.669006 57.069000
218.546005 48.337002
152.395004 206.296997
423.308014 117.265999
20.083000 84.389000
516.138000 134.253998
292.438995 231.139008
488.467010 183.811996
554.854004 162.242004
265.649994 138.307007
219.018005 101.085999
82.902000 181.001007
324.350006 36.181000
578.445984 221.154007
510.739014 137.164001
109.666000 277.531006
215.158005 164.401993
530.994019 175.167007
395.959015 102.011002
565.315979 65.638000
210.003006 105.613998
134.417007 52.091000
362.270996 184.076996
136.022003 64.543999
208.714005 160.147995
392.264008 153.761002
575.210022 250.763000
231.817993 65.542999
550.866028 253.304001
488.398010 156.882004
486.463989 254.701996
84.398003 214.475998
521.508972 45.733002
236.755997 253.192001
403.273010 186.425003
447.237000 276.480011
417.640991 280.972992
492.307007 80.651001
132.436996 149.981995
62.216000 187.776993
381.411011 66.311996
347.114014 118.185997
147.626999 125.290001
69.013000 138.544998
327.020996 42.530998
257.075989 48.457001
78.180000 95.683998
285.069000 113.297997
479.759003 232.220993
450.566986 270.540009
411.014008 129.796997
525.052979 60.130001
354.722992 153.785995
580.765991 231.889008
266.503998 244.994995
266.774994 131.494003
394.088013 205.617996
196.701996 212.854004
314.563995 50.223999
514.362976 120.056999
346.414001 115.158997
490.372009 134.300003
522.336975 44.790001
124.511002 155.839996
433.756989 244.091995
212.194000 108.508003
294.013000 246.091995
151.332993 86.811996
403.934998 189.251999
214.914001 216.447998
549.473022 52.441002
408.382996 149.585007
77.336998 92.945999
320.860992 74.676003
162.817993 242.522995
127.945000 173.423004
199.022003 130.951004
547.289978 198.339005
162.253006 72.416000
135.514999 240.944000
196.365005 204.097000
338.130005 158.699005
541.338989 139.132996
133.363007 39.564999
210.311996 212.195999
396.980011 311.855011
412.187012 80.278999
365.772003 207.875000
586.687988 136.207993
431.572998 294.382996
500.834991 49.752998
221.550003 68.283997
193.653000 152.033005
102.058998 46.459000
511.876007 125.367996
335.009003 111.010002
350.820007 128.548996
426.364990 246.957001
252.354996 228.628998
276.134003 158.787994
279.437012 115.257004
385.501007 70.751999
129.716995 49.544998
297.088989 42.278000
96.657997 239.281006
394.748993 216.942001
334.545013 59.154999
71.291000 54.890999
268.679993 261.174011
562.992981 140.828003
279.450989 229.123001
151.940994 161.503998
195.539001 268.735992
148.656006 110.336998
150.998001 145.852997
529.669983 47.460999
510.309998 194.835007
372.725006 167.106003
76.543999 59.005001
631.598022 115.831001
161.074005 79.848999
188.414001 65.751999
207.776001 62.703999
564.409973 252.110001
388.884003 155.910995
536.651978 205.302002
460.515991 281.467010
193.589996 151.453995
90.862000 184.296997
292.234009 278.476990
372.059998 194.843002
387.977997 155.552994
189.001999 241.363998
545.648010 245.738007
233.153000 256.658997
284.506012 74.153999
567.064026 133.707001
531.914001 168.328995
520.534973 128.679993
91.596001 87.202003
225.459000 243.694000
272.562012 153.024002
525.500977 160.328995
437.738007 246.712997
325.865997 143.091003
152.255005 113.711998
470.955994 67.253998
329.648987 155.487000
140.908005 178.029999
67.234001 101.952003
218.367004 105.820000
559.783997 125.777000
216.106995 305.019989
439.312012 247.889999
404.678009 116.757004
446.717987 278.776001
268.398987 137.009003
123.612000 295.332001
414.691010 194.740005
274.125000 191.738998
510.428009 211.964005
300.458008 59.787998
427.316986 291.630005
543.684998 175.022003
389.162994 120.308998
376.337006 271.539001
352.493988 72.054001
176.776993 247.529999
402.774994 163.647995
362.946991 101.043999
276.334015 269.302002
83.661003 180.330994
334.466003 128.658005
459.243988 130.554993
279.186005 179.358994
222.697998 180.865005
164.158005 193.485992
382.302002 128.578995
526.374023 47.472000
48.138000 142.841003
313.221008 302.459015
157.175995 150.733994
562.989990 238.179993
226.720001 246.138000
94.245003 74.751999
559.658997 58.900002
483.873993 162.421005
283.674011 250.115997
400.096008 105.708000
148.330994 68.856003
396.015991 164.108994
143.013000 169.154007
496.848999 181.850006
533.299011 105.304001
183.585999 251.011993
326.092010 290.278992
266.664001 149.925995
282.670990 174.960007
212.175003 147.067001
61.584000 23.237000
217.779999 186.460007
437.174988 281.515991
526.723999 77.098999
189.298996 255.026001
384.605988 72.143997
261.006989 151.738998
359.059998 193.005005
179.186996 249.763000
416.820007 267.088013
578.429016 143.578995
127.170998 191.600998
512.551025 116.047997
359.463989 139.378998
573.841003 214.186996
564.534973 99.386002
429.553009 267.006989
412.783997 58.868999
343.464996 99.827003
92.281998 72.317001
421.385010 202.559998
387.550995 251.595001
107.245003 85.535004
270.630005 40.323002
536.793030 126.301003
249.781998 221.617996
411.100006 73.977997
270.769989 205.761993
392.717987 44.574001
275.016998 148.994003
219.184998 84.039001
327.312988 244.485992
500.661011 116.890999
418.389008 273.756012
338.501007 78.964996
128.139008 226.535004
390.927002 163.899002
208.406998 59.662998
61.948002 148.738007
87.183998 208.279007
155.481003 237.175003
70.668999 116.403000
146.294998 70.689003
438.950012 312.083008
195.970993 236.664001
213.626007 90.195000
134.970993 50.410999
294.772003 251.766006
95.250999 66.943001
410.890991 70.072998
407.519989 244.695007
494.915009 60.334000
282.484985 66.866997
200.069000 173.171997
225.380005 122.094002
194.057007 66.703003
548.224976 73.986000
513.706970 120.602997
472.226990 260.640015
415.187988 101.155998
511.223999 91.481003
540.041992 171.283997
589.661011 150.054001
424.402008 50.125000
346.102997 270.261993
89.177002 215.647003
488.673004 58.338001
562.953979 85.014000
76.792000 153.380997
477.661987 65.908997
207.173004 73.628998
215.153000 153.285004
529.341003 45.686001
148.673004 212.751007
390.166992 200.582001
533.017029 85.308998
494.670013 177.481003
197.552994 55.132999
414.843994 115.852997
181.050995 245.007004
381.092987 237.242996
401.411011 110.094002
384.881012 210.126007
227.960999 153.440002
267.893005 211.802002
528.232971 115.726997
541.442017 230.360992
517.216980 71.313004
145.731003 150.535995
498.352997 294.464996
542.544983 225.658005
547.932007 257.360992
162.149994 264.987000
620.919983 60.951000
104.209999 65.072998
446.174011 252.246002
222.917999 240.822006
74.399002 94.617996
81.654999 163.746002
362.703003 140.289001
519.232971 130.768005
133.128006 273.776001
269.355988 236.447006
556.577026 115.704002
153.397995 232.716995
562.932007 143.281998
158.619003 234.177002
567.773987 188.914993
93.138000 180.078995
261.649994 208.044006
401.053986 186.143997
123.536003 50.318001
60.345001 65.850998
214.360001 193.445999
211.501999 52.891998
282.377991 112.987000
512.245972 199.882996
138.179993 62.924000
179.723999 78.942001
289.868988 255.328003
38.523998 75.785004
522.474976 128.063004
487.873993 175.171997
191.841003 170.085007
214.533005 253.264999
383.135010 133.731995
413.980011 103.796997
211.703995 130.822006
549.786987 132.307007
40.202000 92.723999
546.599976 203.862000
62.549999 72.966003
163.830994 213.557007
501.377991 56.638000
559.773010 83.405998
561.882019 166.475006
462.260010 140.294006
492.661011 53.069000
450.166992 261.093994
285.149994 260.399994
27.514000 65.417999
136.973007 218.483002
453.764008 112.634003
292.540009 229.375000
557.531006 122.124001
535.687988 211.697998
289.226013 149.216003
215.606995 175.878998
179.921005 273.864990
484.955994 163.186996
195.664001 77.321999
579.046997 47.887001
480.072998 275.420013
395.296997 52.013000
72.633003 197.503998
76.065002 115.075996
311.677002 72.983002
529.692993 77.474998
484.018005 91.972000
129.403000 66.358002
489.888000 150.128006
398.428986 105.096001
147.028000 79.977997
330.707001 127.477997
324.980988 108.380997
555.552979 150.776001
72.014000 121.126999
161.998993 243.988998
214.184006 111.556999
422.953003 73.810997
475.893005 211.899002
569.674988 83.945000
518.945007 85.338997
531.770996 182.154007
409.209015 195.824997
407.497009 203.906998
205.225998 64.449997
150.378006 115.792000
330.802002 42.264000
410.192993 221.694000
137.033005 211.080002
500.554993 56.650002
353.566986 137.807007
378.605988 44.085999
355.209015 112.526001
508.039001 53.373001
432.473999 241.735001
390.691986 76.950996
84.710999 125.176003
222.626007 187.115997
66.829002 114.866997
130.584000 128.050003
220.227005 133.044006
455.294006 274.425995
258.235992 140.729004
273.455994 254.770004
271.791992 47.432999
309.667999 62.486000
552.234985 99.458000
211.300995 272.545990
295.605011 47.907001
285.059998 149.716003
140.962006 197.710007
66.345001 185.505997
510.216003 128.727997
195.600006 81.500999
389.022003 249.210999
410.911011 245.270996
243.643005 230.742004
423.063995 168.798004
315.993011 59.137001
396.803009 250.009995
312.227997 63.512001
558.270020 146.856003
85.260002 166.686996
153.518997 147.587006
507.934998 133.972000
397.016998 268.615997
606.765015 104.377998
279.359009 211.026993
257.937988 173.119995
218.695999 66.874001
146.167999 135.145996
261.394012 112.688004
332.419006 41.672001
536.234009 75.189003
213.554993 117.502998
85.195999 142.287003
363.867004 154.781006
285.670990 170.809998
527.955017 45.618000
455.562988 91.855003
546.265015 194.145004
196.537003 113.237000
279.173004 126.593002
287.980011 239.811005
327.716003 50.396000
530.658997 221.074005
273.917999 247.442993
421.480011 44.381001
400.165985 252.246994
498.197998 145.182007
528.184021 294.272003
561.802002 247.619003
281.838013 151.910004
285.752014 140.401001
416.261993 197.619995
342.161011 115.706001
354.095001 80.244003
347.735992 138.319000
556.090027 151.533005
291.954010 118.535004
465.467987 64.727997
543.554016 127.873001
70.249001 160.679001
224.389008 191.276993
460.253998 248.250000
392.417999 207.347000
424.493988 196.897995
369.199005 197.315002
404.720001 66.487999
162.917999 227.804993
179.070007 249.643005
159.279007 136.354996
82.237000 137.005005
290.394012 76.887001
206.143997 142.636002
86.514999 144.255005
146.339005 189.345001
583.408997 163.985992
397.687012 190.057007
74.908997 191.746994
523.685974 203.731995
42.463001 168.257004
259.976990 146.929001
349.868011 66.641998
139.080002 263.205994
555.137024 150.220993
222.406006 207.078995
330.148010 97.973999
253.804001 241.824005
127.943001 190.990005
188.539993 93.497002
68.725998 53.834999
545.275024 105.564003
464.860992 278.630005
377.325012 66.341003
566.101013 250.378998
209.054001 62.909000
508.092010 135.899002
142.606003 49.431000
80.254997 130.673996
218.339996 251.779007
268.496002 232.936996
224.380997 98.874001
414.640015 243.166000
279.179993 169.589996
551.918030 251.311005
69.489998 175.238007
288.348999 182.194000
475.615997 251.667999
174.345001 72.956001
521.263977 135.462006
539.414978 278.735992
553.969971 239.373993
399.445007 150.953003
528.507019 96.737000
403.039001 271.608002
72.224998 193.039993
549.762024 182.018997
270.959015 179.261993
262.536987 173.335999
546.719971 243.166000
337.140991 38.352001
228.735001 58.974998
389.856995 258.167999
200.824997 206.253006
289.040009 199.561996
563.773010 38.764000
401.960999 68.139000
511.584015 120.711998
552.718994 71.083000
202.078995 98.402000
287.885010 111.373001
264.937012 47.660999
198.623001 257.334991
53.846001 284.921997
270.144989 252.686005
390.855011 171.494003
98.751999 51.981998
355.933014 53.529999
425.299011 246.212006
445.709991 75.102997
145.511993 272.781006
579.406982 180.852005
236.613998 318.761993
429.561005 257.894012
510.920013 96.303001
163.261002 213.110992
348.333008 300.822998
161.173004 159.466995
74.158997 79.042000
345.153992 269.506989
119.533997 103.958000
397.295990 170.300995
138.658997 208.923004
340.328003 129.880005
38.630001 72.389000
55.993999 183.143997
257.295013 126.653000
280.593994 141.828995
163.955994 210.171005
294.783997 75.936996
397.395996 91.552002
209.087006 118.394997
386.640015 70.344002
549.729980 175.908005
357.177002 246.166000
417.774994 264.518005
111.857002 277.415985
469.959015 280.503998
319.425995 298.837006
371.911987 183.367996
292.144012 276.398010
140.968002 183.278000
232.167007 248.720001
157.345993 119.388000
359.881012 208.681000
369.477997 273.795013
547.992004 175.098999
404.065002 198.975998
561.461975 113.717003
150.546005 126.260002
270.292999 112.348999
447.013000 245.186996
216.063995 192.496994
456.014008 279.204010
520.721008 119.857002
361.174011 216.332993
59.068001 139.190002
526.216003 147.130005
214.225006 91.112000
215.882004 118.606003
524.577026 221.910995
332.058990 62.811001
507.317993 158.792007
241.679993 112.226997
550.492981 211.692993
453.919006 252.923996
158.403000 64.912003
159.011993 65.469002
329.755005 136.779999
237.059998 259.158997
419.743988 152.274002
564.130981 180.787994
311.316986 76.921997
474.274994 263.731995
527.489014 87.237999
219.753006 112.764999
180.927994 71.955002
398.416992 145.352997
155.735001 197.669006
64.198997 57.367001
127.594002 84.185997
225.132004 104.026001
161.419998 124.752998
465.109985 58.636002
472.819000 51.126999
205.037003 166.514008
334.299988 91.710999
391.237000 246.315994
241.061996 84.278999
205.233002 46.938000
462.648987 244.507996
178.658005 260.825989
394.243988 134.580002
533.117004 49.653000
60.146999 98.570999
261.445007 274.839996
169.391998 238.542999
430.795013 114.883003
238.009995 74.195000
416.020996 149.188004
291.199005 227.565994
354.523010 216.880005
158.850006 221.781998
271.272003 60.659000
536.635010 149.906998
556.909973 54.422001
137.570999 121.049004